1,-3.1878,55.9444,300,-3.18765,55.94414019237887,null
2,-3.18765,55.94414019237887,300,-3.1875,55.94388038475773,null
3,-3.1875,55.94388038475773,290,-3.1873973939570024,55.943598476971495,null
4,-3.1873973939570024,55.943598476971495,300,-3.1872473939570023,55.94333866935036,null
5,-3.1872473939570023,55.94333866935036,290,-3.1871447879140047,55.94305676156412,null
6,-3.1871447879140047,55.94305676156412,300,-3.1869947879140046,55.94279695394299,strut.river.surely
7,-3.1869947879140046,55.94279695394299,110,-3.187097393957002,55.94307886172923,null
8,-3.187097393957002,55.94307886172923,290,-3.1869947879140046,55.94279695394299,valve.elaborate.fortunate
9,-3.1869947879140046,55.94279695394299,10,-3.1866993455881008,55.94284904839629,null
10,-3.1866993455881008,55.94284904839629,20,-3.186417437801865,55.94295165443929,hers.banks.goat
11,-3.186417437801865,55.94295165443929,10,-3.186121995475961,55.94300374889259,null
12,-3.186121995475961,55.94300374889259,10,-3.1858265531500574,55.943055843345896,null
13,-3.1858265531500574,55.943055843345896,0,-3.185526553150057,55.943055843345896,toned.deflection.bland
14,-3.185526553150057,55.943055843345896,260,-3.185578647603357,55.94276040101999,dent.shins.cycle
15,-3.185578647603357,55.94276040101999,20,-3.1852967398171215,55.94286300706299,null
16,-3.1852967398171215,55.94286300706299,20,-3.1850148320308858,55.94296561310599,null
17,-3.1850148320308858,55.94296561310599,10,-3.184719389704982,55.94301770755929,courier.assume.bill
18,-3.184719389704982,55.94301770755929,120,-3.184869389704982,55.94327751518043,null
19,-3.184869389704982,55.94327751518043,120,-3.185019389704982,55.94353732280156,hello.love.keys
20,-3.185019389704982,55.94353732280156,130,-3.185212225987888,55.9437671361345,null
21,-3.185212225987888,55.9437671361345,130,-3.1854050622707937,55.94399694946743,null
22,-3.1854050622707937,55.94399694946743,130,-3.1855978985536995,55.94422676280037,atoms.vanish.foods
23,-3.1855978985536995,55.94422676280037,220,-3.185827711886635,55.94403392651746,null
24,-3.185827711886635,55.94403392651746,220,-3.186057525219571,55.94384109023456,teams.mild.played
25,-3.186057525219571,55.94384109023456,100,-3.186109619672871,55.944136532560464,organs.shape.fantastic
26,-3.186109619672871,55.944136532560464,120,-3.186259619672871,55.9443963401816,null
27,-3.186259619672871,55.9443963401816,30,-3.1859998120517354,55.944546340181596,null
28,-3.1859998120517354,55.944546340181596,140,-3.186229625384671,55.9447391764645,null
29,-3.186229625384671,55.9447391764645,150,-3.1864894330058067,55.9448891764645,laws.merit.bleak
30,-3.1864894330058067,55.9448891764645,220,-3.1867192463387424,55.94469634018159,null
31,-3.1867192463387424,55.94469634018159,210,-3.186979053959878,55.944546340181596,null
32,-3.186979053959878,55.944546340181596,190,-3.1872744962857817,55.94449424572829,null
33,-3.1872744962857817,55.94449424572829,230,-3.1874673325686875,55.94426443239536,null
34,-3.1874673325686875,55.94426443239536,240,-3.1876173325686876,55.94400462477422,null
35,-3.1876173325686876,55.94400462477422,230,-3.1878101688515934,55.94377481144129,null
36,-3.1878101688515934,55.94377481144129,240,-3.1879601688515935,55.94351500382015,scare.cubs.resort
37,-3.1879601688515935,55.94351500382015,210,-3.188219976472729,55.943365003820155,null
38,-3.188219976472729,55.943365003820155,210,-3.1884797840938646,55.94321500382016,groups.ideas.script
39,-3.1884797840938646,55.94321500382016,200,-3.1887616918801003,55.943112397777156,null
40,-3.1887616918801003,55.943112397777156,190,-3.189057134206004,55.943060303323854,region.passes.pencil
41,-3.189057134206004,55.943060303323854,130,-3.18924997048891,55.94329011665679,null
42,-3.18924997048891,55.94329011665679,140,-3.1894797838218456,55.943482952939696,cars.attend.hotels
43,-3.1894797838218456,55.943482952939696,120,-3.1896297838218457,55.94374276056083,null
44,-3.1896297838218457,55.94374276056083,120,-3.189779783821846,55.944002568181965,cliff.asleep.wedge
45,-3.189779783821846,55.944002568181965,180,-3.190079783821846,55.944002568181965,null
46,-3.190079783821846,55.944002568181965,180,-3.190379783821846,55.944002568181965,pump.wheels.hulk
47,-3.190379783821846,55.944002568181965,290,-3.1902771777788486,55.943720660395726,null
48,-3.1902771777788486,55.943720660395726,290,-3.190174571735851,55.94343875260949,arts.dish.scarcely
49,-3.190174571735851,55.94343875260949,180,-3.190474571735851,55.94343875260949,null
50,-3.190474571735851,55.94343875260949,190,-3.190770014061755,55.943386658156186,null
51,-3.190770014061755,55.943386658156186,180,-3.191070014061755,55.943386658156186,meal.feed.large
52,-3.191070014061755,55.943386658156186,90,-3.191070014061755,55.94368665815619,null
53,-3.191070014061755,55.94368665815619,90,-3.191070014061755,55.94398665815619,null
54,-3.191070014061755,55.94398665815619,90,-3.191070014061755,55.944286658156194,paying.crowd.weep
55,-3.191070014061755,55.944286658156194,90,-3.191070014061755,55.9445866581562,null
56,-3.191070014061755,55.9445866581562,90,-3.191070014061755,55.9448866581562,null
57,-3.191070014061755,55.9448866581562,80,-3.191017919608455,55.94518210048211,maple.limit.hotels
58,-3.191017919608455,55.94518210048211,180,-3.1913179196084553,55.94518210048211,null
59,-3.1913179196084553,55.94518210048211,180,-3.1916179196084555,55.94518210048211,hills.feels.tunes
60,-3.1916179196084555,55.94518210048211,190,-3.1919133619343594,55.945130006028805,null
61,-3.1919133619343594,55.945130006028805,180,-3.1922133619343596,55.945130006028805,useful.hike.trades
62,-3.1922133619343596,55.945130006028805,70,-3.192110755891362,55.94541191381504,null
63,-3.192110755891362,55.94541191381504,70,-3.1920081498483643,55.94569382160128,null
64,-3.1920081498483643,55.94569382160128,70,-3.1919055438053667,55.94597572938752,stone.undulation.poems
65,-3.1919055438053667,55.94597572938752,330,-3.191645736184231,55.94582572938752,null
66,-3.191645736184231,55.94582572938752,330,-3.1913859285630957,55.945675729387524,skins.engage.best
67,-3.1913859285630957,55.945675729387524,340,-3.19110402077686,55.94557312334452,null
68,-3.19110402077686,55.94557312334452,340,-3.1908221129906242,55.94547051730152,null
69,-3.1908221129906242,55.94547051730152,340,-3.1905402052043885,55.94536791125852,jump.crop.fits
70,-3.1905402052043885,55.94536791125852,50,-3.1903473689214827,55.94559772459146,null
71,-3.1903473689214827,55.94559772459146,50,-3.190154532638577,55.945827537924394,null
72,-3.190154532638577,55.945827537924394,50,-3.189961696355671,55.94605735125733,love.behind.orchestra
73,-3.189961696355671,55.94605735125733,340,-3.1896797885694355,55.94595474521433,null
74,-3.1896797885694355,55.94595474521433,340,-3.1893978807831997,55.94585213917133,null
75,-3.1893978807831997,55.94585213917133,340,-3.189115972996964,55.94574953312833,null
76,-3.189115972996964,55.94574953312833,340,-3.1888340652107283,55.94564692708533,stops.else.chats
77,-3.1888340652107283,55.94564692708533,60,-3.1886840652107282,55.94590673470646,boost.radar.stress
78,-3.1886840652107282,55.94590673470646,0,-3.188384065210728,55.94590673470646,null
79,-3.188384065210728,55.94590673470646,0,-3.188084065210728,55.94590673470646,null
80,-3.188084065210728,55.94590673470646,0,-3.1877840652107277,55.94590673470646,null
81,-3.1877840652107277,55.94590673470646,10,-3.187488622884824,55.945958829159764,slips.mass.baking
82,-3.187488622884824,55.945958829159764,0,-3.1871886228848236,55.945958829159764,null
83,-3.1871886228848236,55.945958829159764,340,-3.186906715098588,55.94585622311676,null
84,-3.186906715098588,55.94585622311676,0,-3.1866067150985877,55.94585622311676,null
85,-3.1866067150985877,55.94585622311676,340,-3.186324807312352,55.94575361707376,posts.kicked.universally
86,-3.186324807312352,55.94575361707376,340,-3.1860428995261163,55.94565101103076,null
87,-3.1860428995261163,55.94565101103076,340,-3.1857609917398806,55.94554840498776,null
88,-3.1857609917398806,55.94554840498776,340,-3.185479083953645,55.94544579894476,null
89,-3.185479083953645,55.94544579894476,0,-3.1851790839536447,55.94544579894476,null
90,-3.1851790839536447,55.94544579894476,340,-3.184897176167409,55.94534319290176,null
91,-3.184897176167409,55.94534319290176,0,-3.184597176167409,55.94534319290176,settle.title.united
92,-3.184597176167409,55.94534319290176,160,-3.1848790839536445,55.94544579894476,null
93,-3.1848790839536445,55.94544579894476,160,-3.18516099173988,55.94554840498776,null
94,-3.18516099173988,55.94554840498776,160,-3.185442899526116,55.94565101103076,null
95,-3.185442899526116,55.94565101103076,150,-3.1857027071472515,55.94580101103076,shed.desire.muddy
96,-3.1857027071472515,55.94580101103076,210,-3.185962514768387,55.94565101103076,null
97,-3.185962514768387,55.94565101103076,210,-3.1862223223895225,55.945501011030764,null
98,-3.1862223223895225,55.945501011030764,210,-3.186482130010658,55.945351011030766,null
99,-3.186482130010658,55.945351011030766,220,-3.1867119433435938,55.94515817474786,null
100,-3.1867119433435938,55.94515817474786,140,-3.1869417566765295,55.945351011030766,null
101,-3.1869417566765295,55.945351011030766,310,-3.1867489203936237,55.94512119769783,null
102,-3.1867489203936237,55.94512119769783,130,-3.1869417566765295,55.945351011030766,null
103,-3.1869417566765295,55.945351011030766,320,-3.1867119433435938,55.94515817474786,null
104,-3.1867119433435938,55.94515817474786,130,-3.1869047796264995,55.945387988080796,null
105,-3.1869047796264995,55.945387988080796,300,-3.1867547796264994,55.94512818045966,null
106,-3.1867547796264994,55.94512818045966,130,-3.1869476159094052,55.9453579937926,null
107,-3.1869476159094052,55.9453579937926,310,-3.1867547796264994,55.94512818045966,null
108,-3.1867547796264994,55.94512818045966,120,-3.1869047796264995,55.945387988080796,null
109,-3.1869047796264995,55.945387988080796,310,-3.1867119433435938,55.94515817474786,null
110,-3.1867119433435938,55.94515817474786,300,-3.1865619433435937,55.944898367126726,null
111,-3.1865619433435937,55.944898367126726,260,-3.1866140377968937,55.94460292480082,null
112,-3.1866140377968937,55.94460292480082,190,-3.1869094801227975,55.94455083034752,null
113,-3.1869094801227975,55.94455083034752,190,-3.1872049224487013,55.944498735894214,null
114,-3.1872049224487013,55.944498735894214,190,-3.187500364774605,55.94444664144091,null
115,-3.187500364774605,55.94444664144091,190,-3.187795807100509,55.94439454698761,null
