1,-3.188095442325904,55.9443479055467,190,-3.188095442325904,55.9443479055467,null
2,-3.188390884651808,55.9442958110934,190,-3.188390884651808,55.9442958110934,null
3,-3.1886863269777117,55.944243716640095,190,-3.1886863269777117,55.944243716640095,null
4,-3.1889817693036155,55.94419162218679,190,-3.1889817693036155,55.94419162218679,null
5,-3.1892772116295194,55.94413952773349,190,-3.1892772116295194,55.94413952773349,null
6,-3.189559119415755,55.94403692169049,200,-3.189559119415755,55.94403692169049,null
7,-3.189854561741659,55.94398482723719,190,-3.189854561741659,55.94398482723719,null
8,-3.1901364695278946,55.94388222119419,200,-3.1901364695278946,55.94388222119419,null
9,-3.1904319118537985,55.943830126740885,190,-3.1904319118537985,55.943830126740885,null
10,-3.190713819640034,55.943727520697884,200,-3.190713819640034,55.943727520697884,null
11,-3.191009261965938,55.94367542624458,190,-3.191009261965938,55.94367542624458,loaf.cheer.slave
12,-3.191061356419238,55.943379983918675,260,-3.191061356419238,55.943379983918675,null
13,-3.1911639624622357,55.943098076132436,250,-3.1911639624622357,55.943098076132436,else.urban.museum
14,-3.1908639624622355,55.943098076132436,0,-3.1908639624622355,55.943098076132436,relate.chill.vest
15,-3.1905820546759998,55.942995470089436,340,-3.1905820546759998,55.942995470089436,null
16,-3.190300146889764,55.942892864046435,340,-3.190300146889764,55.942892864046435,null
17,-3.1900182391035283,55.942790258003434,340,-3.1900182391035283,55.942790258003434,null
18,-3.189758431482393,55.942640258003436,330,-3.189758431482393,55.942640258003436,hooked.shine.third
19,-3.189908431482393,55.94290006562457,120,-3.189908431482393,55.94290006562457,null
20,-3.190058431482393,55.943159873245705,120,-3.190058431482393,55.943159873245705,null
21,-3.190208431482393,55.94341968086684,120,-3.190208431482393,55.94341968086684,arts.dish.scarcely
22,-3.1903110375253907,55.94370158865308,110,-3.1903110375253907,55.94370158865308,sculpture.shot.melon
23,-3.1904136435683883,55.943983496439316,110,-3.1904136435683883,55.943983496439316,pump.wheels.hulk
24,-3.190606479851294,55.94421330977225,130,-3.190606479851294,55.94421330977225,null
25,-3.1907993161342,55.94444312310519,130,-3.1907993161342,55.94444312310519,null
26,-3.1909921524171057,55.944672936438124,130,-3.1909921524171057,55.944672936438124,estate.gave.votes
27,-3.1909921524171057,55.94497293643813,90,-3.1909921524171057,55.94497293643813,null
28,-3.1909921524171057,55.94527293643813,90,-3.1909921524171057,55.94527293643813,maple.limit.hotels
29,-3.1912219657500414,55.945465772721036,140,-3.1912219657500414,55.945465772721036,null
30,-3.191451779082977,55.94565860900394,140,-3.191451779082977,55.94565860900394,null
31,-3.1916815924159128,55.94585144528685,140,-3.1916815924159128,55.94585144528685,null
32,-3.1919114057488485,55.946044281569755,140,-3.1919114057488485,55.946044281569755,stone.undulation.poems
33,-3.1916114057488483,55.946044281569755,0,-3.1916114057488483,55.946044281569755,null
34,-3.191311405748848,55.946044281569755,0,-3.191311405748848,55.946044281569755,null
35,-3.191011405748848,55.946044281569755,0,-3.191011405748848,55.946044281569755,null
36,-3.1907114057488477,55.946044281569755,0,-3.1907114057488477,55.946044281569755,null
37,-3.1904114057488475,55.946044281569755,0,-3.1904114057488475,55.946044281569755,null
38,-3.1901114057488473,55.946044281569755,0,-3.1901114057488473,55.946044281569755,love.behind.orchestra
39,-3.189851598127712,55.94589428156976,330,-3.189851598127712,55.94589428156976,null
40,-3.189569690341476,55.945791675526756,340,-3.189569690341476,55.945791675526756,null
41,-3.1893098827203405,55.94564167552676,330,-3.1893098827203405,55.94564167552676,museum.spicy.horns
42,-3.1893619771736406,55.94534623320085,260,-3.1893619771736406,55.94534623320085,null
43,-3.1894140716269406,55.945050790874944,260,-3.1894140716269406,55.945050790874944,null
44,-3.1894661660802406,55.94475534854904,260,-3.1894661660802406,55.94475534854904,null
45,-3.1895182605335406,55.94445990622313,260,-3.1895182605335406,55.94445990622313,null
46,-3.1895703549868406,55.94416446389722,260,-3.1895703549868406,55.94416446389722,null
47,-3.1896224494401406,55.94386902157132,260,-3.1896224494401406,55.94386902157132,burn.spot.across
48,-3.189362641819005,55.94371902157132,330,-3.189362641819005,55.94371902157132,null
49,-3.1891028341978696,55.94356902157132,330,-3.1891028341978696,55.94356902157132,null
50,-3.188820926411634,55.94346641552832,340,-3.188820926411634,55.94346641552832,system.speak.guard
51,-3.1889235324546314,55.94374832331456,110,-3.1889235324546314,55.94374832331456,noted.friday.jams
52,-3.188820926411634,55.9440302311008,70,-3.188820926411634,55.9440302311008,null
53,-3.1887183203686362,55.944312138887035,70,-3.1887183203686362,55.944312138887035,null
54,-3.1886157143256386,55.944594046673274,70,-3.1886157143256386,55.944594046673274,null
55,-3.188513108282641,55.94487595445951,70,-3.188513108282641,55.94487595445951,null
56,-3.1884105022396434,55.94515786224575,70,-3.1884105022396434,55.94515786224575,null
57,-3.1883584077863434,55.94545330457166,80,-3.1883584077863434,55.94545330457166,skills.less.herb
58,-3.188461013829341,55.945735212357896,110,-3.188461013829341,55.945735212357896,bend.tubes.chops
59,-3.1885636198723386,55.946017120144134,110,-3.1885636198723386,55.946017120144134,boost.radar.stress
60,-3.1882636198723384,55.946017120144134,0,-3.1882636198723384,55.946017120144134,null
61,-3.1879636198723382,55.946017120144134,0,-3.1879636198723382,55.946017120144134,null
62,-3.187663619872338,55.946017120144134,0,-3.187663619872338,55.946017120144134,null
63,-3.1873817120861023,55.94591451410113,340,-3.1873817120861023,55.94591451410113,slips.mass.baking
64,-3.1872317120861022,55.94565470648,300,-3.1872317120861022,55.94565470648,diner.leaves.mutual
65,-3.186931712086102,55.94565470648,0,-3.186931712086102,55.94565470648,null
66,-3.186631712086102,55.94565470648,0,-3.186631712086102,55.94565470648,hidden.handle.softly
67,-3.186349804299866,55.945757312523,20,-3.186349804299866,55.945757312523,posts.kicked.universally
68,-3.1860678965136304,55.945859918566,20,-3.1860678965136304,55.945859918566,null
69,-3.1857859887273947,55.945962524609,20,-3.1857859887273947,55.945962524609,null
70,-3.185504080941159,55.946065130652,20,-3.185504080941159,55.946065130652,prime.rent.silk
71,-3.185311244658253,55.945835317319066,310,-3.185311244658253,55.945835317319066,null
72,-3.1851184083753474,55.94560550398613,310,-3.1851184083753474,55.94560550398613,null
73,-3.1849255720924416,55.945375690653194,310,-3.1849255720924416,55.945375690653194,null
74,-3.184695758759506,55.94518285437029,320,-3.184695758759506,55.94518285437029,null
75,-3.1845029224766,55.94495304103735,310,-3.1845029224766,55.94495304103735,sports.topic.clocks
76,-3.1846529224766003,55.94469323341622,240,-3.1846529224766003,55.94469323341622,null
77,-3.1848029224766004,55.94443342579508,240,-3.1848029224766004,55.94443342579508,null
78,-3.184905528519598,55.944151518008844,250,-3.184905528519598,55.944151518008844,null
79,-3.185055528519598,55.94389171038771,240,-3.185055528519598,55.94389171038771,null
80,-3.1851581345625957,55.94360980260147,250,-3.1851581345625957,55.94360980260147,hello.love.keys
81,-3.18492832122966,55.943416966318566,320,-3.18492832122966,55.943416966318566,sentences.sings.modern
82,-3.1851881288507955,55.94326696631857,210,-3.1851881288507955,55.94326696631857,null
83,-3.185470036637031,55.94316436027557,200,-3.185470036637031,55.94316436027557,null
84,-3.1857298442581667,55.94301436027557,210,-3.1857298442581667,55.94301436027557,null
85,-3.1860117520444025,55.94291175423257,200,-3.1860117520444025,55.94291175423257,null
86,-3.186271559665538,55.94276175423257,210,-3.186271559665538,55.94276175423257,under.retire.bump
87,-3.186567001991442,55.94270965977927,190,-3.186567001991442,55.94270965977927,null
88,-3.186867001991442,55.94270965977927,180,-3.186867001991442,55.94270965977927,strut.river.surely
89,-3.1866741657085362,55.942939473112204,50,-3.1866741657085362,55.942939473112204,null
90,-3.1866741657085362,55.94323947311221,90,-3.1866741657085362,55.94323947311221,null
91,-3.186776771751534,55.943521380898446,110,-3.186776771751534,55.943521380898446,null
92,-3.1865169641303983,55.943671380898444,30,-3.1865169641303983,55.943671380898444,null
93,-3.1862350563441626,55.943773986941444,20,-3.1862350563441626,55.943773986941444,null
94,-3.185975248723027,55.94392398694144,30,-3.185975248723027,55.94392398694144,teams.mild.played
95,-3.186125248723027,55.944183794562576,120,-3.186125248723027,55.944183794562576,null
96,-3.1862278547660248,55.944465702348815,110,-3.1862278547660248,55.944465702348815,null
97,-3.1864206910489306,55.94469551568175,130,-3.1864206910489306,55.94469551568175,rated.fired.crowds
98,-3.1867025988351663,55.94459290963875,200,-3.1867025988351663,55.94459290963875,null
99,-3.18699804116107,55.94454081518545,190,-3.18699804116107,55.94454081518545,null
100,-3.187293483486974,55.944488720732146,190,-3.187293483486974,55.944488720732146,null
101,-3.1873960895299716,55.94420681294591,250,-3.1873960895299716,55.94420681294591,null
102,-3.187498695572969,55.94392490515967,250,-3.187498695572969,55.94392490515967,begins.spider.drips
103,-3.1876486955729693,55.9441847127808,120,-3.1876486955729693,55.9441847127808,null
104,-3.187751301615967,55.94446662056704,110,-3.187751301615967,55.94446662056704,null
105,-3.187901301615967,55.944726428188176,120,-3.187901301615967,55.944726428188176,hurt.green.filer
106,-3.1877986955729694,55.94444452040194,290,-3.1877986955729694,55.94444452040194,thank.salsa.brain
107,-3.1877986955729694,55.944144520401935,270,-3.1877986955729694,55.944144520401935,null
