1,-3.1878,55.9444,340,-3.1875180922137645,55.944297393957,null
2,-3.1875180922137645,55.944297393957,340,-3.1872361844275288,55.944194787914,null
3,-3.1872361844275288,55.944194787914,340,-3.186954276641293,55.944092181871,null
4,-3.186954276641293,55.944092181871,320,-3.1867244633083573,55.94389934558809,null
5,-3.1867244633083573,55.94389934558809,0,-3.186424463308357,55.94389934558809,null
6,-3.186424463308357,55.94389934558809,0,-3.186124463308357,55.94389934558809,null
7,-3.186124463308357,55.94389934558809,340,-3.1858425555221213,55.94379673954509,null
8,-3.1858425555221213,55.94379673954509,0,-3.185542555522121,55.94379673954509,null
9,-3.185542555522121,55.94379673954509,340,-3.1852606477358854,55.94369413350209,hello.love.keys
10,-3.1852606477358854,55.94369413350209,310,-3.1850678114529796,55.943464320169156,null
11,-3.1850678114529796,55.943464320169156,310,-3.184874975170074,55.94323450683622,brings.remedy.latter
12,-3.184874975170074,55.94323450683622,300,-3.1847249751700737,55.942974699215085,courier.assume.bill
13,-3.1847249751700737,55.942974699215085,190,-3.1850204174959775,55.94292260476178,null
14,-3.1850204174959775,55.94292260476178,180,-3.1853204174959777,55.94292260476178,null
15,-3.1853204174959777,55.94292260476178,190,-3.1856158598218816,55.94287051030848,dent.shins.cycle
16,-3.1856158598218816,55.94287051030848,90,-3.1856158598218816,55.943170510308484,toned.deflection.bland
17,-3.1856158598218816,55.943170510308484,210,-3.185875667443017,55.943020510308486,null
18,-3.185875667443017,55.943020510308486,210,-3.1861354750641526,55.94287051030849,under.retire.bump
19,-3.1861354750641526,55.94287051030849,160,-3.1864173828503883,55.94297311635149,hers.banks.goat
20,-3.1864173828503883,55.94297311635149,210,-3.186677190471524,55.94282311635149,null
21,-3.186677190471524,55.94282311635149,200,-3.1869590982577596,55.94272051030849,strut.river.surely
22,-3.1869590982577596,55.94272051030849,110,-3.187061704300757,55.94300241809473,valve.elaborate.fortunate
23,-3.187061704300757,55.94300241809473,110,-3.187164310343755,55.94328432588097,scale.chair.kinds
24,-3.187164310343755,55.94328432588097,80,-3.187112215890455,55.943579768206874,null
25,-3.187112215890455,55.943579768206874,80,-3.187060121437155,55.94387521053278,renew.ears.tend
26,-3.187060121437155,55.94387521053278,0,-3.1867601214371546,55.94387521053278,null
27,-3.1867601214371546,55.94387521053278,0,-3.1864601214371544,55.94387521053278,null
28,-3.1864601214371544,55.94387521053278,10,-3.1861646791112506,55.94392730498608,null
29,-3.1861646791112506,55.94392730498608,0,-3.1858646791112504,55.94392730498608,null
30,-3.1858646791112504,55.94392730498608,10,-3.1855692367853465,55.943979399439385,manliness.poem.cliff
31,-3.1855692367853465,55.943979399439385,40,-3.185339423452411,55.94417223572229,null
32,-3.185339423452411,55.94417223572229,40,-3.185109610119475,55.9443650720052,null
33,-3.185109610119475,55.9443650720052,40,-3.1848797967865394,55.944557908288104,null
34,-3.1848797967865394,55.944557908288104,40,-3.1846499834536037,55.94475074457101,null
35,-3.1846499834536037,55.94475074457101,50,-3.184457147170698,55.944980557903946,sports.topic.clocks
36,-3.184457147170698,55.944980557903946,140,-3.1846869605036336,55.94517339418685,null
37,-3.1846869605036336,55.94517339418685,140,-3.1849167738365693,55.94536623046976,null
38,-3.1849167738365693,55.94536623046976,140,-3.185146587169505,55.945559066752665,null
39,-3.185146587169505,55.945559066752665,140,-3.1853764005024408,55.94575190303557,null
40,-3.1853764005024408,55.94575190303557,150,-3.1856362081235763,55.94590190303557,null
41,-3.1856362081235763,55.94590190303557,140,-3.185866021456512,55.946094739318475,renew.slows.basket
42,-3.185866021456512,55.946094739318475,210,-3.1861258290776475,55.94594473931848,null
43,-3.1861258290776475,55.94594473931848,210,-3.186385636698783,55.94579473931848,null
44,-3.186385636698783,55.94579473931848,210,-3.1866454443199186,55.94564473931848,null
45,-3.1866454443199186,55.94564473931848,220,-3.1868752576528543,55.945451903035575,spent.spoon.bolt
46,-3.1868752576528543,55.945451903035575,290,-3.1867726516098567,55.94516999524934,null
47,-3.1867726516098567,55.94516999524934,130,-3.1869654878927625,55.94539980858227,null
48,-3.1869654878927625,55.94539980858227,310,-3.1867726516098567,55.94516999524934,null
49,-3.1867726516098567,55.94516999524934,310,-3.186579815326951,55.9449401819164,null
50,-3.186579815326951,55.9449401819164,130,-3.1867726516098567,55.94516999524934,null
51,-3.1867726516098567,55.94516999524934,120,-3.1869226516098568,55.94542980287047,null
52,-3.1869226516098568,55.94542980287047,300,-3.1867726516098567,55.94516999524934,null
53,-3.1867726516098567,55.94516999524934,320,-3.186542838276921,55.94497715896643,null
54,-3.186542838276921,55.94497715896643,260,-3.186594932730221,55.944681716640524,null
55,-3.186594932730221,55.944681716640524,190,-3.186890375056125,55.94462962218722,null
56,-3.186890375056125,55.94462962218722,200,-3.1871722828423605,55.94452701614422,null
57,-3.1871722828423605,55.94452701614422,190,-3.1874677251682644,55.94447492169092,null
58,-3.1874677251682644,55.94447492169092,200,-3.1877496329545,55.94437231564792,thank.salsa.brain
59,-3.1877496329545,55.94437231564792,110,-3.1878522389974977,55.944654223434156,null
60,-3.1878522389974977,55.944654223434156,120,-3.188002238997498,55.94491403105529,agents.mile.crib
61,-3.188002238997498,55.94491403105529,120,-3.188152238997498,55.945173838676425,null
62,-3.188152238997498,55.945173838676425,110,-3.1882548450404955,55.94545574646266,null
63,-3.1882548450404955,55.94545574646266,120,-3.1884048450404956,55.9457155540838,null
64,-3.1884048450404956,55.9457155540838,110,-3.188507451083493,55.945997461870036,boost.radar.stress
65,-3.188507451083493,55.945997461870036,180,-3.1888074510834934,55.945997461870036,null
66,-3.1888074510834934,55.945997461870036,180,-3.1891074510834936,55.945997461870036,null
67,-3.1891074510834936,55.945997461870036,190,-3.1894028934093974,55.94594536741673,coherent.saints.stuck
68,-3.1894028934093974,55.94594536741673,320,-3.1891730800764617,55.94575253113383,null
69,-3.1891730800764617,55.94575253113383,320,-3.188943266743526,55.94555969485092,shady.soft.phones
70,-3.188943266743526,55.94555969485092,240,-3.189093266743526,55.94529988722979,null
71,-3.189093266743526,55.94529988722979,240,-3.189243266743526,55.94504007960865,null
72,-3.189243266743526,55.94504007960865,240,-3.1893932667435263,55.94478027198752,null
73,-3.1893932667435263,55.94478027198752,240,-3.1895432667435264,55.944520464366384,null
74,-3.1895432667435264,55.944520464366384,240,-3.1896932667435265,55.94426065674525,null
75,-3.1896932667435265,55.94426065674525,240,-3.1898432667435266,55.944000849124116,cliff.asleep.wedge
76,-3.1898432667435266,55.944000849124116,20,-3.189561358957291,55.94410345516712,null
77,-3.189561358957291,55.94410345516712,10,-3.189265916631387,55.94415554962042,spoon.invest.every
78,-3.189265916631387,55.94415554962042,320,-3.1890361032984513,55.94396271333751,noted.friday.jams
79,-3.1890361032984513,55.94396271333751,300,-3.1888861032984512,55.94370290571638,null
80,-3.1888861032984512,55.94370290571638,300,-3.188736103298451,55.943443098095244,null
81,-3.188736103298451,55.943443098095244,290,-3.1886334972554535,55.943161190309006,groups.ideas.script
82,-3.1886334972554535,55.943161190309006,190,-3.1889289395813574,55.943109095855704,null
83,-3.1889289395813574,55.943109095855704,200,-3.189210847367593,55.9430064898127,region.passes.pencil
84,-3.189210847367593,55.9430064898127,210,-3.1894706549887286,55.942856489812705,null
85,-3.1894706549887286,55.942856489812705,190,-3.1897660973146325,55.9428043953594,hooked.shine.third
86,-3.1897660973146325,55.9428043953594,140,-3.189995910647568,55.94299723164231,second.launch.miles
87,-3.189995910647568,55.94299723164231,180,-3.1902959106475683,55.94299723164231,null
88,-3.1902959106475683,55.94299723164231,180,-3.1905959106475685,55.94299723164231,null
89,-3.1905959106475685,55.94299723164231,170,-3.1908913529734724,55.94304932609561,null
90,-3.1908913529734724,55.94304932609561,180,-3.1911913529734726,55.94304932609561,else.urban.museum
91,-3.1911913529734726,55.94304932609561,80,-3.1911392585201726,55.94334476842152,null
92,-3.1911392585201726,55.94334476842152,80,-3.1910871640668725,55.943640210747425,loaf.cheer.slave
93,-3.1910871640668725,55.943640210747425,90,-3.1910871640668725,55.94394021074743,null
94,-3.1910871640668725,55.94394021074743,100,-3.1911392585201726,55.944235653073335,hills.giant.crate
95,-3.1911392585201726,55.944235653073335,70,-3.191036652477175,55.94451756085957,paying.crowd.weep
96,-3.191036652477175,55.94451756085957,150,-3.1912964600983105,55.94466756085957,null
97,-3.1912964600983105,55.94466756085957,150,-3.191556267719446,55.94481756085957,null
98,-3.191556267719446,55.94481756085957,160,-3.1918381755056817,55.94492016690257,null
99,-3.1918381755056817,55.94492016690257,150,-3.1920979831268173,55.94507016690257,useful.hike.trades
100,-3.1920979831268173,55.94507016690257,340,-3.1918160753405815,55.94496756085957,null
101,-3.1918160753405815,55.94496756085957,340,-3.191534167554346,55.944864954816566,null
102,-3.191534167554346,55.944864954816566,340,-3.19125225976811,55.944762348773565,estate.gave.votes
103,-3.19125225976811,55.944762348773565,0,-3.19095225976811,55.944762348773565,null
104,-3.19095225976811,55.944762348773565,0,-3.1906522597681097,55.944762348773565,null
105,-3.1906522597681097,55.944762348773565,0,-3.1903522597681095,55.944762348773565,null
106,-3.1903522597681095,55.944762348773565,0,-3.1900522597681094,55.944762348773565,null
107,-3.1900522597681094,55.944762348773565,0,-3.189752259768109,55.944762348773565,null
108,-3.189752259768109,55.944762348773565,340,-3.1894703519818735,55.944659742730565,null
109,-3.1894703519818735,55.944659742730565,0,-3.1891703519818733,55.944659742730565,null
110,-3.1891703519818733,55.944659742730565,340,-3.1888884441956376,55.944557136687564,null
111,-3.1888884441956376,55.944557136687564,0,-3.1885884441956374,55.944557136687564,null
112,-3.1885884441956374,55.944557136687564,340,-3.1883065364094016,55.94445453064456,null
113,-3.1883065364094016,55.94445453064456,0,-3.1880065364094015,55.94445453064456,null
