1,-3.1878,55.9444,310,-3.1876071637170944,55.944170186667066,null
2,-3.1876071637170944,55.944170186667066,130,-3.1878,55.9444,thank.salsa.brain
3,-3.1878,55.9444,300,-3.18765,55.94414019237887,bound.ends.matter
4,-3.18765,55.94414019237887,50,-3.1874571637170943,55.944370005711804,only.fairly.rift
5,-3.1874571637170943,55.944370005711804,140,-3.18768697705003,55.94456284199471,null
6,-3.18768697705003,55.94456284199471,140,-3.1879167903829657,55.944755678277616,hurt.green.filer
7,-3.1879167903829657,55.944755678277616,150,-3.1881765980041012,55.944905678277614,null
8,-3.1881765980041012,55.944905678277614,150,-3.188436405625237,55.94505567827761,null
9,-3.188436405625237,55.94505567827761,160,-3.1887183134114725,55.94515828432061,rooms.lamp.teach
10,-3.1887183134114725,55.94515828432061,70,-3.188615707368475,55.94544019210685,null
11,-3.188615707368475,55.94544019210685,60,-3.188465707368475,55.945699999727985,bend.tubes.chops
12,-3.188465707368475,55.945699999727985,100,-3.188517801821775,55.94599544205389,boost.radar.stress
13,-3.188517801821775,55.94599544205389,200,-3.1887997096080105,55.94589283601089,null
14,-3.1887997096080105,55.94589283601089,200,-3.1890816173942462,55.94579022996789,null
15,-3.1890816173942462,55.94579022996789,210,-3.1893414250153818,55.94564022996789,museum.spicy.horns
16,-3.1893414250153818,55.94564022996789,200,-3.1896233328016175,55.94553762392489,null
17,-3.1896233328016175,55.94553762392489,190,-3.1899187751275213,55.94548552947159,turkey.limit.ramp
18,-3.1899187751275213,55.94548552947159,160,-3.190200682913757,55.94558813551459,null
19,-3.190200682913757,55.94558813551459,160,-3.1904825906999927,55.94569074155759,null
20,-3.1904825906999927,55.94569074155759,160,-3.1907644984862285,55.94579334760059,null
21,-3.1907644984862285,55.94579334760059,160,-3.191046406272464,55.94589595364359,simple.rust.audio
22,-3.191046406272464,55.94589595364359,230,-3.19123924255537,55.94566614031066,skins.engage.best
23,-3.19123924255537,55.94566614031066,210,-3.1914990501765055,55.94551614031066,null
24,-3.1914990501765055,55.94551614031066,210,-3.191758857797641,55.94536614031066,null
25,-3.191758857797641,55.94536614031066,210,-3.1920186654187765,55.94521614031066,null
26,-3.1920186654187765,55.94521614031066,210,-3.192278473039912,55.945066140310665,useful.hike.trades
27,-3.192278473039912,55.945066140310665,320,-3.1920486597069764,55.94487330402776,null
28,-3.1920486597069764,55.94487330402776,310,-3.1918558234240706,55.94464349069482,null
29,-3.1918558234240706,55.94464349069482,320,-3.191626010091135,55.944450654411916,null
30,-3.191626010091135,55.944450654411916,310,-3.191433173808229,55.94422084107898,null
31,-3.191433173808229,55.94422084107898,320,-3.1912033604752934,55.944028004796074,spicy.bunch.shady
32,-3.1912033604752934,55.944028004796074,270,-3.1912033604752934,55.94372800479607,null
33,-3.1912033604752934,55.94372800479607,280,-3.1911512660219934,55.943432562470164,meal.feed.large
34,-3.1911512660219934,55.943432562470164,270,-3.1911512660219934,55.94313256247016,else.urban.museum
35,-3.1911512660219934,55.94313256247016,270,-3.1911512660219934,55.94283256247016,along.spill.limp
36,-3.1911512660219934,55.94283256247016,20,-3.1908693582357577,55.94293516851316,null
37,-3.1908693582357577,55.94293516851316,20,-3.190587450449522,55.94303777455616,null
38,-3.190587450449522,55.94303777455616,10,-3.190292008123618,55.94308986900946,null
39,-3.190292008123618,55.94308986900946,20,-3.1900101003373824,55.94319247505246,shows.fries.lamp
40,-3.1900101003373824,55.94319247505246,120,-3.1901601003373825,55.9434522826736,null
41,-3.1901601003373825,55.9434522826736,120,-3.1903101003373826,55.94371209029473,null
42,-3.1903101003373826,55.94371209029473,120,-3.1904601003373827,55.943971897915866,pump.wheels.hulk
43,-3.1904601003373827,55.943971897915866,0,-3.1901601003373825,55.943971897915866,null
44,-3.1901601003373825,55.943971897915866,0,-3.1898601003373823,55.943971897915866,null
45,-3.1898601003373823,55.943971897915866,0,-3.189560100337382,55.943971897915866,null
46,-3.189560100337382,55.943971897915866,0,-3.189260100337382,55.943971897915866,null
47,-3.189260100337382,55.943971897915866,0,-3.1889601003373818,55.943971897915866,noted.friday.jams
48,-3.1889601003373818,55.943971897915866,290,-3.188857494294384,55.94368999012963,labels.hotels.alert
49,-3.188857494294384,55.94368999012963,340,-3.1885755865081484,55.94358738408663,null
50,-3.1885755865081484,55.94358738408663,0,-3.1882755865081482,55.94358738408663,null
51,-3.1882755865081482,55.94358738408663,340,-3.1879936787219125,55.943484778043626,scare.cubs.resort
52,-3.1879936787219125,55.943484778043626,320,-3.187763865388977,55.94329194176072,null
53,-3.187763865388977,55.94329194176072,320,-3.187534052056041,55.94309910547781,null
54,-3.187534052056041,55.94309910547781,320,-3.1873042387231054,55.94290626919491,null
55,-3.1873042387231054,55.94290626919491,330,-3.18704443110197,55.94275626919491,strut.river.surely
56,-3.18704443110197,55.94275626919491,0,-3.1867444311019697,55.94275626919491,null
57,-3.1867444311019697,55.94275626919491,10,-3.186448988776066,55.94280836364821,null
58,-3.186448988776066,55.94280836364821,0,-3.1861489887760657,55.94280836364821,null
59,-3.1861489887760657,55.94280836364821,10,-3.185853546450162,55.942860458101514,null
60,-3.185853546450162,55.942860458101514,0,-3.1855535464501616,55.942860458101514,dent.shins.cycle
61,-3.1855535464501616,55.942860458101514,10,-3.185258104124258,55.942912552554816,null
62,-3.185258104124258,55.942912552554816,10,-3.184962661798354,55.94296464700812,null
63,-3.184962661798354,55.94296464700812,10,-3.18466721947245,55.94301674146142,courier.assume.bill
64,-3.18466721947245,55.94301674146142,130,-3.184860055755356,55.94324655479436,null
65,-3.184860055755356,55.94324655479436,120,-3.185010055755356,55.94350636241549,null
66,-3.185010055755356,55.94350636241549,130,-3.185202892038262,55.94373617574843,hello.love.keys
67,-3.185202892038262,55.94373617574843,10,-3.184907449712358,55.94378827020173,null
68,-3.184907449712358,55.94378827020173,20,-3.1846255419261222,55.94389087624473,rider.mile.lime
69,-3.1846255419261222,55.94389087624473,80,-3.1845734474728222,55.94418631857064,null
70,-3.1845734474728222,55.94418631857064,80,-3.184521353019522,55.944481760896544,null
71,-3.184521353019522,55.944481760896544,80,-3.184469258566222,55.94477720322245,sports.topic.clocks
72,-3.184469258566222,55.94477720322245,120,-3.1846192585662223,55.945037010843585,null
73,-3.1846192585662223,55.945037010843585,120,-3.1847692585662224,55.94529681846472,null
74,-3.1847692585662224,55.94529681846472,120,-3.1849192585662225,55.94555662608585,null
75,-3.1849192585662225,55.94555662608585,110,-3.18502186460922,55.94583853387209,rider.aura.bulb
76,-3.18502186460922,55.94583853387209,170,-3.185317306935124,55.945890628325394,null
77,-3.185317306935124,55.945890628325394,160,-3.1855992147213597,55.945993234368395,null
78,-3.1855992147213597,55.945993234368395,170,-3.1858946570472635,55.9460453288217,renew.slows.basket
79,-3.1858946570472635,55.9460453288217,240,-3.1860446570472636,55.94578552120056,null
80,-3.1860446570472636,55.94578552120056,240,-3.1861946570472637,55.94552571357943,null
81,-3.1861946570472637,55.94552571357943,240,-3.1863446570472638,55.945265905958294,null
82,-3.1863446570472638,55.945265905958294,240,-3.186494657047264,55.94500609833716,laws.merit.bleak
83,-3.186494657047264,55.94500609833716,140,-3.1867244703801996,55.945198934620066,null
84,-3.1867244703801996,55.945198934620066,140,-3.1869542837131353,55.94539177090297,null
85,-3.1869542837131353,55.94539177090297,130,-3.187147119996041,55.94562158423591,diner.leaves.mutual
86,-3.187147119996041,55.94562158423591,320,-3.1869173066631054,55.945428747953,null
87,-3.1869173066631054,55.945428747953,320,-3.1866874933301697,55.945235911670096,null
88,-3.1866874933301697,55.945235911670096,320,-3.186457679997234,55.94504307538719,null
89,-3.186457679997234,55.94504307538719,320,-3.1862278666642982,55.944850239104284,null
90,-3.1862278666642982,55.944850239104284,320,-3.1859980533313625,55.94465740282138,null
91,-3.1859980533313625,55.94465740282138,320,-3.185768239998427,55.94446456653847,atoms.vanish.foods
92,-3.185768239998427,55.94446456653847,250,-3.1858708460414245,55.94418265875223,null
93,-3.1858708460414245,55.94418265875223,240,-3.1860208460414245,55.9439228511311,teams.mild.played
94,-3.1860208460414245,55.9439228511311,160,-3.1863027538276603,55.9440254571741,null
95,-3.1863027538276603,55.9440254571741,170,-3.186598196153564,55.9440775516274,null
96,-3.186598196153564,55.9440775516274,190,-3.186893638479468,55.9440254571741,null
97,-3.186893638479468,55.9440254571741,160,-3.1871755462657037,55.9441280632171,null
98,-3.1871755462657037,55.9441280632171,160,-3.1874574540519394,55.9442306692601,null
99,-3.1874574540519394,55.9442306692601,150,-3.187717261673075,55.9443806692601,null
